50
1005 2001
1005 2008
1010 2001
1010 2008
1015 2001
1015 2008
1020 2001
1020 2008
1025 2001
1025 2008
1030 2001
1030 2008
1035 2001
1035 2008
1040 2001
1040 2008
1045 2001
1045 2008
1050 2001
1050 2008
1002 2001
1002 2008
1004 2001
1004 2008
1006 2001
1006 2008
1008 2001
1008 2008
1012 2001
1012 2008
1014 2001
1014 2008
1016 2001
1016 2008
1018 2001
1018 2008
1022 2001
1022 2008
1024 2001
1024 2008
1026 2001
1026 2008
1028 2001
1028 2008
1032 2001
1032 2008
1034 2001
1034 2008
1036 2001
1036 2008
1038 2001
1038 2008
1042 2001
1042 2008
1044 2001
1044 2008
1046 2001
1046 2008
1048 2001
1048 2008
1001 2001
1001 2008
1003 2001
1003 2008
1007 2001
1007 2008
1009 2001
1009 2008
1049 2001
1049 2008
1011 2002
1011 2013
1013 2002
1013 2013
1017 2002
1017 2013
1019 2002
1019 2013
1021 2002
1021 2013
1023 2003
1023 2018
1027 2003
1027 2018
1029 2003
1029 2018
1031 2003
1031 2018
1033 2003
1033 2018
1037 2004
1037 2019
1039 2004
1039 2020
1041 2004
1041 2022
1043 2004
1043 2023
1047 2004
1047 2024
1005 2029
1005 2032
1010 2029
1010 2032
1015 2029
1015 2032
1020 2029
1020 2032
1025 2029
1025 2032
1030 2029
1030 2032
1035 2029
1035 2032
1040 2029
1040 2032
1045 2029
1045 2032
1050 2029
1050 2032
1002 2029
1002 2032
1004 2029
1004 2032
1006 2029
1006 2032
1008 2029
1008 2032
1012 2029
1012 2032
1014 2029
1014 2032
1016 2029
1016 2032
1018 2029
1018 2032
1022 2029
1022 2032
1024 2029
1024 2032
1026 2029
1026 2032
1028 2029
1028 2032
1032 2029
1032 2032
1034 2029
1034 2032
1036 2029
1036 2032
1038 2029
1038 2032
1042 2029
1042 2032
1044 2029
1044 2032
1046 2029
1046 2032
1048 2029
1048 2032
1001 2029
1001 2032
1003 2029
1003 2032
1007 2029
1007 2032
1009 2029
1009 2032
1049 2029
1049 2032
1011 2028
1011 2033
1013 2028
1013 2033
1017 2028
1017 2033
1019 2028
1019 2033
1021 2028
1021 2033
1023 2034
1023 2046
1027 2034
1027 2046
1029 2034
1029 2046
1031 2034
1031 2046
1033 2034
1033 2046
1037 2035
1037 2044
1039 2035
1039 2044
1041 2035
1041 2044
1043 2035
1043 2044
1047 2035
1047 2044
1005 2057
1005 2067
1010 2057
1010 2067
1015 2057
1015 2067
1020 2057
1020 2067
1025 2057
1025 2067
1030 2057
1030 2067
1035 2057
1035 2067
1040 2057
1040 2067
1045 2057
1045 2067
1050 2057
1050 2067
1002 2057
1002 2067
1004 2057
1004 2067
1006 2057
1006 2067
1008 2057
1008 2067
1012 2057
1012 2067
1014 2057
1014 2067
1016 2057
1016 2067
1018 2057
1018 2067
1022 2057
1022 2067
1024 2057
1024 2067
1026 2057
1026 2067
1028 2057
1028 2067
1032 2057
1032 2067
1034 2057
1034 2067
1036 2057
1036 2067
1038 2057
1038 2067
1042 2057
1042 2067
1044 2057
1044 2067
1046 2057
1046 2067
1048 2057
1048 2067
1001 2057
1001 2067
1003 2057
1003 2067
1007 2057
1007 2067
1009 2057
1009 2067
1049 2057
1049 2067
1011 2061
1011 2074
1013 2061
1013 2074
1017 2061
1017 2074
1019 2061
1019 2074
1021 2061
1021 2074
1023 2065
1023 2079
1027 2065
1027 2079
1029 2065
1029 2079
1031 2065
1031 2079
1033 2065
1033 2079
1037 2070
1037 2080
1039 2070
1039 2080
1041 2070
1041 2080
1043 2070
1043 2080
1047 2070
1047 2080
1005 2085
1005 2095
1010 2085
1010 2095
1015 2085
1015 2095
1020 2085
1020 2095
1025 2085
1025 2095
1030 2085
1030 2095
1035 2085
1035 2095
1040 2085
1040 2095
1045 2085
1045 2095
1050 2085
1050 2095
1002 2085
1002 2095
1004 2085
1004 2095
1006 2085
1006 2095
1008 2085
1008 2095
1012 2085
1012 2095
1014 2085
1014 2095
1016 2085
1016 2095
1018 2085
1018 2095
1022 2085
1022 2095
1024 2085
1024 2095
1026 2085
1026 2095
1028 2085
1028 2095
1032 2085
1032 2095
1034 2085
1034 2095
1036 2085
1036 2095
1038 2085
1038 2095
1042 2085
1042 2095
1044 2085
1044 2095
1046 2085
1046 2095
1048 2085
1048 2095
1001 2085
1001 2095
1003 2085
1003 2095
1007 2085
1007 2095
1009 2085
1009 2095
1049 2085
1049 2095
1011 2090
1011 2098
1013 2090
1013 2098
1017 2090
1017 2098
1019 2090
1019 2098
1021 2090
1021 2098
1023 2091
1023 2098
1027 2091
1027 2098
1029 2091
1029 2098
1031 2091
1031 2098
1033 2091
1033 2098
1037 2093
1037 2096
1039 2093
1039 2096
1041 2093
1041 2096
1043 2093
1043 2096
1047 2093
1047 2096
1005 2115
1005 2113
1010 2115
1010 2113
1015 2115
1015 2113
1020 2115
1020 2113
1025 2115
1025 2113
1030 2115
1030 2113
1035 2115
1035 2113
1040 2115
1040 2113
1045 2115
1045 2113
1050 2115
1050 2113
1002 2115
1002 2113
1004 2115
1004 2113
1006 2115
1006 2113
1008 2115
1008 2113
1012 2115
1012 2113
1014 2115
1014 2113
1016 2115
1016 2113
1018 2115
1018 2113
1022 2115
1022 2113
1024 2115
1024 2113
1026 2115
1026 2113
1028 2115
1028 2113
1032 2115
1032 2113
1034 2115
1034 2113
1036 2115
1036 2113
1038 2115
1038 2113
1042 2115
1042 2113
1044 2115
1044 2113
1046 2115
1046 2113
1048 2115
1048 2113
1001 2115
1001 2113
1003 2115
1003 2113
1007 2115
1007 2113
1009 2115
1009 2113
1049 2115
1049 2113
1011 2120
1011 2130
1013 2120
1013 2130
1017 2120
1017 2130
1019 2120
1019 2130
1021 2120
1021 2130
1023 2123
1023 2132
1027 2123
1027 2132
1029 2123
1029 2132
1031 2123
1031 2132
1033 2123
1033 2132
1037 2117
1037 2131
1039 2117
1039 2131
1041 2117
1041 2131
1043 2117
1043 2131
1047 2117
1047 2131
1005 2136
1005 2141
1010 2136
1010 2141
1015 2136
1015 2141
1020 2136
1020 2141
1025 2136
1025 2141
1030 2136
1030 2141
1035 2136
1035 2141
1040 2136
1040 2141
1045 2136
1045 2141
1050 2136
1050 2141
1002 2136
1002 2141
1004 2136
1004 2141
1006 2136
1006 2141
1008 2136
1008 2141
1012 2136
1012 2141
1014 2136
1014 2141
1016 2136
1016 2141
1018 2136
1018 2141
1022 2136
1022 2141
1024 2136
1024 2141
1026 2136
1026 2141
1028 2136
1028 2141
1032 2136
1032 2141
1034 2136
1034 2141
1036 2136
1036 2141
1038 2136
1038 2141
1042 2136
1042 2141
1044 2136
1044 2141
1046 2136
1046 2141
1048 2136
1048 2141
1001 2136
1001 2141
1003 2136
1003 2141
1007 2136
1007 2141
1009 2136
1009 2141
1049 2136
1049 2141
1011 2139
1011 2162
1013 2139
1013 2162
1017 2139
1017 2162
1019 2139
1019 2162
1021 2139
1021 2162
1023 2145
1023 2154
1023 2152
1027 2145
1027 2154
1027 2152
1029 2145
1029 2154
1029 2152
1031 2145
1031 2154
1031 2152
1033 2145
1033 2154
1033 2152
1037 2146
1037 2151
1039 2146
1039 2151
1041 2146
1041 2151
1043 2146
1043 2151
1047 2146
1047 2151
